#version=1.0.0.20171226_beta
version=1.0.0.20190228_release
RUNNING_MODE=3