#version=1.0.0.20171226_beta
version=1.0.0.20190228_beta
RUNNING_MODE=1